25644
2260
23474
28170
28122
718
7159
18652
6077
11867
5362
1351
7596
22340
9559
253
14621
6519
24682
3329
5785
20651
20244
31337
16237
11079
18230
25699
19363
25728
19773
23414
28720
27074
13303
22026
15727
28498
28325
2603
8654
14385
18769
5258
1224
5443
31585
4292
3603
24496
18541
1767
27930
29323
9038
21043
13485
26546
1911
25885
7927
7157
31881
3738
19889
15994
30753
9369
23190
28511
4596
14289
19479
12706
15903
13502
16975
13374
440
5606
28729
13975
21929
2913
13601
3096
11198
15256
27224
795
18940
333
14636
13065
28725
19164
3351
30146
31705
32448
30263
4159
32271
2392
4094
20086
30724
30699
16427
5757
12675
17643
25081
14067
24007
14710
12694
29852
653
2082
3030
6987
21869
1274
22057
5637
873
7876
8907
21091
5831
32134
25914
29496
28444
27208
19181
5748
32682
25626
3139
12872
18411
1625
18874
19851
14958
9263
18785
5981
1506
15705
10384
8714
29809
12333
21974
17713
21839
19675
26419
27429
9362
11763
8327
19859
25924
31271
15947
25957
25014
29523
22655
4583
17944
30394
29155
15144
18759
21138
1898
29604
22502
5316
13292
23839
30128
14061
15387
21716
18700
19368
5816
10959
1250
4367
17671
26776
9390
3199
3968
27409
11987
5020
31431
21409
28977
26261
2270
5266
27641
16298
6810
7352
24256
31723
1363
26196
11219
16706
12512
27959
1483
17843
20930
20523
7009
7139
5024
8590
13699
10455
18420
11072
31655
9983
27907
10688
21087
23155
8466
17041
2093
23164
21975
14819
17561
5206
22574
11119
28034
27444
13
19107
30386
6533
7354
28159
20405
14198
28987
27071
25578
2744
21775
32186
24794
899
19739
23178
14025
2779
12519
493
1931
1554
12298
1643
30617
13198
19427
28217
5476
17612
6538
15710
19177
22949
24582
27412
3462
16592
26305
18033
16396
8617
2105
3654
31509
29488
23799
16456
12184
25685
4805
25453
22458
6515
17436
20889
10727
25370
25564
17530
546
21009
4415
10672
30105
19611
26640
562
17533
2298
8472
20717
7696
4402
5850
23726
27392
13327
640
18753
4595
1897
1300
19419
27235
24487
20723
32437
20908
24706
1919
6138
5731
2828
7957
2019
11754
27888
25919
16928
26689
21755
28970
13947
5663
12507
6746
15544
21826
30759
18332
30655
30467
18592
10812
29693
13613
6071
14713
1287
10511
7503
566
9856
14544
23491
7922
25662
28419
26923
27642
3496
28795
24027
19421
14434
1121
3117
4129
22061
25219
25985
23092
25096
15343
12417
2213
26779
12737
29866
1172
28630
11833
16136
872
470
21521
9280
4288
24328
30733
9172
29867
7056
22739
20643
18971
11244
2301
25263
22935
9428
16237
5667
3121
12901
480
31637
2744
2687
24006
7560
23854
24172
9042
7989
7804
4034
22221
14475
6245
11402
19503
13172
23481
30369
8432
20058
10443
31327
2076
10218
15396
30839
7334
6167
21369
10014
11774
6754
32475
3696
15077
11609
4654
1039
3713
19294
19164
2573
13228
24746
32203
5388
12946
25234
24972
32163
19579
27656
18645
8452
10725
868
24881
29916
11990
28005
18934
4731
26992
12658
6007
32053
20166
13094
5756
10248
14830
1292
25583
32383
24920
22695
11480
29909
13917
12214
10892
25438
25371
12981
12064
12579
23169
20647
22052
4556
11942
3091
11662
23236
8543
6477
27381
13207
8976
12790
256
9631
13250
16838
10525
20191
23158
20617
13686
15407
9913
19816
16161
11930
28793
8042
1174
20484
18967
7995
3175
6927
22717
24107
24619
31296
1778
24185
29627
25182
17772
8402
3234
27675
20005
11029
15822
12535
7601
27737
19340
28512
5838
8753
2995
14878
1085
9007
5662
14062
27856
12966
22880
12397
28101
16820
26548
32568
3922
16768
4147
3666
18305
27329
6218
32454
7998
7808
10602
11917
11694
17438
18177
9905
24003
18584
24746
13491
12814
8970
21664
13099
31444
626
30329
17838
12899
2231
28177
3060
29606
14058
708
4154
16120
28363
9952
29926
310
11663
22361
9578
4376
25568
9151
3690
5825
3878
29294
8481
4500
30725
21765
9729
28746
14886
281
8857
28481
31035
16682
22204
12567
26429
29141
5344
17784
32760
24396
31172
4660
7626
5892
18262
21141
19368
429
26323
8431
30817
22887
22064
15992
28455
20531
1209
3418
14667
31399
25336
28935
19784
21223
10712
2253
12035
26576
7434
30890
25937
3190
19624
13409
26810
7121
6680
205
28541
9395
1076
8054
15059
4605
32423
22626
18808
8979
22682
22062
4968
18573
30353
2141
13030
14640
25487
32751
7875
21276
32129
31285
23005
7494
16601
3557
15334
32041
30586
11882
14183
29881
20180
31101
16644
31897
6480
761
15361
20109
16110
4843
4101
13362
8492
2537
19486
11757
30251
24486
31494
1569
24333
28611
3237
9381
15777
2279
30934
13941
3394
29201
32622
32167
17148
23085
10619
23969
30961
26086
28617
30602
26875
20412
10923
27390
31379
20054
12023
3846
26610
13593
15443
14151
15989
761
8367
22905
15942
21391
13587
10011
23865
26220
6043
28517
28916
12462
18112
23935
17491
11473
472
26352
7179
23751
4832
32345
28301
12874
25978
24163
21293
20849
3890
246
27779
24961
11525
5804
21009
24582
14884
4741
15655
10787
17397
7644
32004
12327
8027
2201
30270
1888
823
2473
12644
20020
11311
25515
15585
5741
28078
16876
26147
18901
21547
24982
3581
15619
15535
23332
7242
25716
1425
8217
22228
24542
15492
242
8052
20416
28117
20313
23930
10558
30957
28827
5710
31788
3613
29788
31064
24425
14747
906
25374
30574
8135
15247
7084
19238
20147
18891
21561
23297
18659
23361
10247
11844
11601
13456
9355
19107
8372
1574
7374
18961
23554
20656
19475
727
1076
28116
3002
30179
12105
4387
8292
30563
14989
21833
25176
17811
22043
10631
17702
467
27041
13156
650
16381
13923
30879
27794
8181
23171
25959
11011
9602
6527
718
26618
16988
3579
29052
12239
18054
10433
31904
2110
10973
8454
22829
713
27122
14831
25922
20056
23317
339
31721
3107
17330
27587
12549
27601
4833
29127
2438
21217
31544
4715
991
4938
24291
24314
1210
30046
16887
29706
31722
6388
14084
952
21921
29126
31210
21813
3043
25368
11501
23938
27706
16027
27659
21879
26028
10896
10892
28938
29418
13104
3804
7118
29898
2892
16534
24250
4343
16433
23777
21292
26855
25806
1279
18221
15630
30745
15139
30455
20562
2734
387
32693
8126
26553
28591
28553
17018
17687
12833
5843
1531
16056
10261
32433
6775
8520
5019
10434
25500
18446
4074
31792
16769
4628
16887
1005
26077
12936
30534
25148
2423
24674
9984
7540
5597
10567
2375
10752
5977
27565
14534
21931
2849
15425
4748
30747
24014
14981
18458
3226
11791
6334
22458
6429
10143
23309
24339
1662
2676
4572
31739
19981
12858
4987
12172
8263
12799
30987
30586
26853
22576
25244
4515
21529
11972
18066
7656
14612
19383
20557
4668
3531
1466
4617
13562
18427
24873
3586
4476
20330
18749
23260
6889
25969
27011
26435
29006
9655
15244
8399
31985
1087
7398
554
21474
27813
332
19572
7634
26276
5402
28646
27176
25564
25604
26550
11346
6866
22534
3387
21081
4921
9374
9810
10681
18288
29242
13056
1647
32587
24044
15961
24659
18454
8549
13984
23208
11735
30497
4271
27122
6612
3807
15001
3079
31317
9812
8591
18025
6059
6688
20224
24275
14961
769
24836
530
1810
13127
25083
19734
12940
10376
17265
27721
29811
17812
70
17696
23096
26795
10763
24047
24491
12782
26030
30721
28863
3604
7002
4072
14477
22878
23961
14354
24988
11981
19388
413
11104
14226
29564
26476
30976
3782
30177
28539
15709
3419
29539
30319
26703
4691
848
22898
14641
6959
14957
29245
6817
16555
1248
6518
27521
27560
22349
9021
22849
22122
31552
2562
12129
11779
31435
15257
16433
26639
28528
15504
19164
8354
14400
5568
676
5247
23365
16418
7023
2955
5662
740
32643
18305
25065
30652
4750
19174
28262
10621
9705
3136
22616
232
541
27011
7983
29636
10663
28620
7653
10801
14584
19281
2854
3641
1984
29592
17587
31144
28524
26600
27144
30237
23277
4094
2621
17250
956
5376
26922
6137
27
18103
8142
20471
1693
24824
7154
32278
2792
17763
17161
4869
6074
32081
15451
3842
2602
6151
9826
29099
4657
14640
15220
23569
7272
27530
10659
6415
2323
3039
8674
32730
21599
24631
25193
25816
5096
12108
16474
3254
28030
27710
29860
21941
27433
19080
12327
2884
20586
20019
15130
6100
21700
11337
9130
2280
26491
3981
16356
6507
24732
5481
1749
13895
17213
5928
1264
12595
29958
4965
28592
5580
3825
19395
7294
21736
11085
27359
24276
14887
21769
18051
4515
24523
31791
4637
20466
5321
5039
5487
8392
26911
15454
15239
6733
21609
8510
3570
16428
10927
26880
28717
8507
21378
24775
12124
30814
30535
17455
14910
21673
5842
18062
5473
3268
16695
16762
24466
404
23516
11403
31384
29719
12499
16993
11298
29328
14183
30441
19197
8421
19189
8925
19594
24645
17406
2186
18032
6669
10105
5590
14478
12781
24686
1921
13108
25415
14272
20907
11666
3543
32331
29079
8304
13721
7470
3246
14624
14823
106
199
14513
2018
4013
18853
21350
19476
10600
24513
9318
26452
21543
29770
2485
10985
6690
11883
31843
8178
17167
19916
14596
24069
24635
22107
19552
13590
24281
10572
22635
11930
5274
12126
9591
10733
31358
30817
21416
6129
2537
29685
16552
6649
28665
10132
30109
2021
2839
1491
12632
8590
26316
19172
25295
28516
10710
608
10190
5717
10876
6723
9193
8945
7454
10041
17333
4044
4368
15896
16440
2852
12201
1709
30365
16324
29078
27579
26668
9512
15988
3137
30330
6882
10911
20988
12253
21309
18244
20781
16419
20767
14526
21916
22916
32052
1823
16605
10708
5704
23820
7634
12286
245
10447
3441
1453
14975
21415
28871
29004
29436
866
29757
21553
4792
6702
24603
18709
11991
26797
21066
1736
12604
17991
17758
23330
14250
964
2260
21053
28201
27674
3735
24033
26796
18307
12745
4416
16368
5331
23233
17636
30119
27913
9296
14053
25558
17700
26185
31583
15228
568
18752
20771
22132
5056
18321
11949
24732
2102
16293
6999
7223
20449
31600
10444
17808
8687
20798
8382
23009
14275
16816
15068
17778
21136
14081
28414
15621
16167
18830
14243
18034
19469
11670
22686
13455
26065
11838
32268
6738
19868
23000
18313
31034
7690
17252
5028
12010
4664
32087
8080
26136
17183
12700
20252
3749
20256
31449
12516
8461
8159
25331
4809
12546
16981
10964
15008
4948
1313
16236
5927
6932
20767
32757
32061
12793
28732
14716
17746
20482
13961
31645
23836
5725
16782
10894
8587
4488
16864
29279
5376
26294
758
32639
17850
28788
9528
8323
30864
3724
15961
13603
27622
11562
21479
3717
18138
18237
25632
9407
2238
26656
28936
17815
3275
28794
16824
8332
30227
8803
19961
21531
6072
14536
2065
24635
11612
3600
30941
8746
30680
5631
25120
15723
4657
11995
23323
5648
4808
3534
7006
16437
19664
19084
26589
2253
17925
20021
22086
31649
13467
10621
23186
2709
6517
5642
21211
14893
19096
10014
1389
30545
479
28021
17695
31309
17392
4721
12260
23324
13166
11892
15261
15078
9329
24205
1329
9927
1075
23896
5600
6098
26892
8991
4820
13398
24224
20805
2809
13919
16983
27877
22287
7040
17421
11446
16382
464
24331
24114
24425
22067
24374
9719
28293
14299
18055
8045
30508
13582
9915
8105
6957
17705
17228
8081
26087
9189
3999
4417
23574
29145
23935
9390
15852
15936
20426
16265
12132
24061
25962
11367
15059
13276
12423
17694
25023
19995
3579
7282
12277
32041
28935
27377
1238
18349
5956
17179
1778
24522
14556
20678
30168
32161
2297
10177
20011
17176
6782
26040
29689
3290
31990
11095
22345
21664
9673
12466
18163
2222
31158
30949
26037
31904
2685
26871
30082
22374
23772
17925
27933
8846
19133
24220
3047
24257
21934
25446
24566
16785
32145
13065
29286
114
28565
7500
3572
19717
8549
24956
21448
26269
11423
27662
4755
25852
32391
6021
5082
8285
12285
29846
21394
23224
6572
23946
21996
3649
30853
22757
3954
1329
13932
3909
4947
7882
11056
22668
31739
26005
27073
9281
16871
23279
28061
16692
29880
7107
15500
18529
2694
17049
20621
12055
14710
10960
24080
17498
3983
31015
19045
7557
15561
3459
26229
13876
17255
16876
16816
18272
647
6872
10566
6604
20216
19628
10138
22432
3659
14976
6132
8532
2093
21026
8821
27088
25076
26974
13393
24018
30839
125
18488
23183
3107
3596
4885
14237
29515
14303
26875
26640
18112
7509
28252
14052
15522
5852
27005
8859
9589
3768
18470
7206
16247
22273
11678
11529
21553
8427
7383
18619
21581
31051
4837
19787
26023
28246
9652
30537
6055
17067
31483
19684
12749
20884
11116
17488
20621
2184
26158
10603
17502
6645
26764
1695
26382
19773
7663
5386
23384
4094
31753
30684
27320
11415
28500
18177
30078
18920
27579
11521
10530
6233
30102
7204
28887
20509
14044
24281
21602
25784
29844
1880
14637
4542
30861
647
14743
9438
17231
21018
1679
10528
6737
12799
1889
22379
18029
11513
11215
28746
5776
25739
9316
25327
31414
4119
29957
25977
19222
30535
5577
25202
3993
27564
5643
24476
23441
1445
30141
16877
4520
10371
10494
4824
9238
4586
31215
10958
9496
30842
15555
25861
15261
32175
2582
16504
20546
30470
29568
4655
1664
21090
26217
11456
22052
6573
12575
8470
22784
22978
24101
31857
8417
28811
22991
10158
10689
1638
5643
19401
15421
14030
8322
24480
21577
11319
24288
17145
24610
13113
25967
2759
27524
2289
7147
25257
2846
26789
9362
10164
7235
7334
14714
8306
11490
5755
29735
30250
8120
21051
13149
21346
24772
2363
4915
19363
15867
30697
11113
28796
14398
15096
2043
14281
24713
1982
4086
5942
5485
17370
20107
30974
13504
16409
21090
28153
5523
6811
5937
16597
24164
3121
11660
20131
2965
9482
5375
18582
14877
15503
31834
17160
2686
6283
23628
13758
12279
3983
8243
20845
32762
10901
20787
20093
5600
2531
30597
6412
24284
4402
9746
32310
8749
7952
25665
16020
22936
21379
27149
10754
28182
10735
25178
10406
11466
27193
10121
21806
2101
13613
11850
3160
31149
12317
4785
5560
5899
5067
31629
18870
12453
8842
18421
22742
2940
18847
15139
6204
2998
29165
6790
30575
25422
17362
29202
861
6410
25164
29403
6815
31661
24928
8162
14079
21870
31676
15662
28727
29610
19355
13599
7164
22230
2793
26624
12091
7863
7847
6619
17571
1749
29074
29329
27747
1837
25087
17449
10549
27942
18186
2921
16027
198
20719
24227
13416
2598
18616
16082
13187
19235
29465
32486
8168
16727
6808
13659
5103
17480
1264
27664
8401
21470
22456
599
30824
11035
12352
30024
25654
27398
29372
604
11689
29160
5284
22583
23453
12987
26202
18884
26915
8416
8206
14215
22913
1040
13791
9007
19834
18581
14146
8555
32207
8122
15784
7679
16133
1152
11867
9751
29289
30866
21417
11483
2130
3451
4421
32323
30630
3607
14314
21549
20127
23623
15425
16813
16591
22249
21765
26788
22114
23560
17509
11668
8356
15183
20650
23986
6083
11460
12313
31549
1493
8115
27675
9231
8988
30183
32667
18034
18313
32544
13488
6196
21888
18626
1404
1022
16859
5579
1108
225
23857
4871
3872
2098
16984
7047
20997
7576
3624
8527
23874
7523
17538
3663
21080
17695
1681
12693
27758
10857
32336
3264
26611
5122
9037
5560
3461
26914
15532
16540
25618
11023
17518
26108
20029
11501
4084
22857
5891
32216
25022
17289
12702
14640
18553
5711
12457
12596
28473
10987
14470
10195
17155
25054
28925
2494
4494
22161
14885
24514
1354
31558
10376
27221
8866
12622
3202
7023
10878
12668
2282
25243
1549
22747
31988
32589
8129
11676
17750
19830
19867
12370
6314
16470
12456
19810
788
32657
11724
692
17700
23174
25534
3503
6654
1500
16980
13669
10424
22365
9985
1290
9475
29704
8860
2731
25358
9313
19554
28188
25255
17164
17983
29747
5540
31130
22089
16947
25985
16291
14733
30091
15434
20501
5135
25537
5307
2251
8716
5801
21927
26722
3714
22746
31894
7752
4851
26210
23474
24853
17509
5561
28388
32543
12717
3316
3130
23880
14061
22331
29580
22555
10844
28285
351
15128
17989
3426
2313
16971
29779
23938
6678
23076
24075
21972
13547
4482
26266
23913
12969
29201
29137
1626
25684
13014
7278
29951
11573
30984
18845
18273
7292
6946
10686
4338
18986
6710
7785
15996
31534
17796
8111
30296
20686
15435
1699
18656
1865
16863
24858
17702
1979
6140
12974
17895
20800
21338
18185
2746
32092
24193
31072
29069
25499
7903
5437
25682
8308
28696
13442
20214
883
27037
16043
12691
10392
8832
27987
8934
16634
26503
31225
22275
20143
6015
22789
32327
22512
6610
9734
4239
21881
9052
9534
22695
24623
15739
32352
21510
25093
17253
5272
15032
20000
18879
8140
17307
9274
9323
27426
30926
17220
32417
23746
12391
20303
14657
10973
32100
11948
871
25070
11493
25170
24896
8255
9112
15745
5405
10927
12148
16549
7878
16052
8618
7037
17681
17820
17624
6780
23987
19736
896
880
18261
26874
21178
9569
18923
25150
13605
8124
20801
22343
27171
9393
13782
12652
7494
15065
2030
5043
10757
16924
4323
9948
18356
16338
32444
26274
12723
13864
28160
21565
8165
2757
17869
12843
9059
16558
6692
11568
15218
2407
2183
5788
14003
29020
17094
5068
13466
11135
15382
26355
23329
16433
11363
13595
5310
9062
24039
28006
27282
30212
30972
13722
20195
30349
16942
32732
27596
25854
32405
11708
18995
24055
29282
25714
25852
28955
11703
30311
31868
30394
7100
1528
15921
26798
2031
17782
5296
17026
3515
30833
13278
11482
9805
6710
13667
30734
18595
19862
22876
10777
20453
31209
16208
9138
7161
14675
11110
8376
8274
31814
11221
6099
21768
1608
12955
15705
15918
10231
30578
11630
32096
23114
13824
368
8603
7961
7246
21650
10577
19168
32123
31686
27325
7104
7346
29921
22133
16838
9305
20729
18494
15472
7563
7698
23075
12653
31689
5114
28105
8357
4332
2162
24573
6521
32094
28302
6799
21836
28810
25951
30819
23362
19857
6607
12229
4423
2111
32715
14077
24148
20029
9896
22307
16877
20616
11455
24885
1263
16673
5723
14695
26504
22791
3030
11450
28807
31330
17150
17616
16854
17153
6077
3583
5700
8966
6138
932
19592
19424
1722
5818
9091
2938
6795
683
3014
26546
31522
25701
12884
3597
16963
18353
10409
27561
993
7872
19963
371
8583
22535
23999
18585
27894
1614
18287
15171
24080
20227
13195
21886
24564
4819
23006
8824
31083
1148
3330
10739
21635
8668
7974
20980
27001
17230
1039
2235
20700
13623
21597
19192
240
4060
5648
23100
31313
16759
28234
14254
10200
32393
8278
14079
30146
3185
32234
15776
25615
6718
11433
562
6185
7106
25836
24638
12742
23271
3522
5158
26383
13127
23094
29531
11266
11254
19408
29905
26901
25506
15966
7600
1308
735
24819
9805
18028
10428
16433
27480
20289
1434
17860
32599
14685
6206
20783
28754
5362
16676
19915
5584
20162
8214
27148
31491
16773
28670
21511
14656
30347
21753
7985
22194
22946
20652
14186
32078
25658
20699
1338
7689
967
3127
10074
21577
16231
8568
25974
7578
24773
11436
16433
14755
9277
18127
17002
18008
13377
9115
30653
27761
29691
16801
11341
12314
23859
24729
22977
14828
30068
12791
25997
11292
7786
30655
5235
22514
17807
1433
22345
26493
14087
22568
21756
20358
6087
13976
21973
7618
19197
4726
29691
30539
18092
6597
13626
23377
7063
12110
29186
32269
13409
15671
11699
20471
4082
5591
17431
1337
31517
22217
4144
12643
3455
575
28725
19296
28074
17049
19159
11689
8323
3127
31176
26296
26600
4491
15742
28096
29846
15730
7733
3995
28490
10180
24115
10244
7463
14377
24911
31494
9048
27439
11700
17076
11766
28058
27107
17691
32300
508
31735
1653
9113
25733
11821
27552
25845
8475
31907
24782
7160
4013
28768
22653
2167
27333
11157
13994
24273
13405
2850
31809
5513
23796
348
18137
13876
24801
3598
30878
13718
20454
30654
7310
5896
29448
10801
23273
24348
1182
24113
4578
6532
11945
28301
26267
30256
17251
32354
25168
16823
25627
21657
28627
15608
2623
4273
19768
6145
9915
7358
17873
5168
19329
178
18525
4503
4969
31452
11644
2981
15420
430
16998
18691
9995
4803
27613
17085
12998
29473
30048
1698
9482
17595
24738
6381
5433
5434
18746
6437
3536
18940
12444
11841
22517
3421
17992
32272
9552
8502
65
13272
3100
15012
6081
23102
2430
19211
15915
3173
32277
23130
7745
16986
22738
22160
32151
15536
25610
31871
4679
21351
26825
15823
24807
11283
7274
18503
14008
6969
3172
4680
5152
13565
31847
4250
7003
20730
27304
31084
22381
1394
11897
14485
28507
23975
25884
31008
6554
20360
8409
26632
25544
13456
3662
5184
8858
18924
1031
4086
7702
31708
12366
14105
19970
91
22852
16153
15004
1282
25393
29678
21899
29738
4377
18011
24342
5457
13200
3956
11156
3263
14798
11614
23843
32360
22790
23894
26013
22549
15860
30452
25800
1727
31926
27825
14029
6971
13020
13736
18156
8733
4034
1177
31341
13014
14110
28723
18394
31263
12757
28819
20075
17307
24851
22024
450
18103
10138
7449
15832
15062
15706
17353
22328
30379
24898
1049
31595
7909
23895
6095
30131
10258
4355
26998
11260
12221
30127
22182
26639
28890
20884
26501
16649
22373
3277
8078
14603
30533
23729
19345
25396
27254
14689
28923
9676
23143
20893
16984
27842
14497
28892
15638
24665
27306
2971
21644
29726
27945
26101
20027
25117
12874
2164
13139
26196
16228
30503
31609
20072
19930
24308
21703
12695
29503
11568
11540
25838
5309
17773
24694
32700
10679
18835
12550
1094
4525
10291
27619
188
352
25879
24442
15468
19255
20510
1796
17718
1762
7751
3919
28992
23613
6411
6338
10475
30071
22512
23196
3333
23667
14427
2940
19776
18286
1957
13094
17122
6371
4978
18820
9151
5803
5182
18155
24932
7273
9785
2464
2198
19749
17493
13467
13563
2103
31133
27530
27926
9575
15560
4121
31353
15442
10766
25713
4661
31504
3898
14078
24982
20499
32257
31606
21261
27474
22674
29975
8046
23207
3182
22064
32603
17782
28538
30946
4352
2960
29522
5416
17922
19287
8929
6165
28081
4898
7727
93
12165
16867
2169
25623
2504
23303
7303
961
10384
20893
23354
3717
10480
3771
2149
31674
7279
14109
27101
7598
24761
29712
31956
20899
8085
17294
5474
28951
2839
5035
7269
26697
10775
11568
24459
5624
18658
12677
10157
22638
25134
12244
2399
27581
5204
5483
9157
32073
30393
32098
16808
6278
25485
9086
4296
20739
2489
32342
25460
19880
23314
17588
12377
6460
10963
25150
17560
23593
4170
8022
23579
25476
25041
62
5160
6472
23552
8064
27702
20962
18721
1933
18688
4851
15588
20388
11737
14161
14421
32757
8255
5199
18954
263
27058
1086
32417
6743
11207
31283
13674
17474
31352
779
11616
20772
28862
22445
24158
12738
29538
25743
29327
22757
5647
27260
29735
584
22189
7316
848
24756
8938
24468
10343
30570
23577
3671
5737
8897
19776
26525
29096
5136
18284
2316
28355
17614
22600
7028
24020
9464
20206
5207
30187
2227
765
12457
29884
6451
4588
3284
26260
19675
1694
32255
10898
10918
7990
4240
1811
23749
9516
20463
25198
22154
2977
15245
29666
4484
18415
3366
204
9708
6277
13379
31261
16959
11762
11010
3596
17965
27199
2073
520
1202
10882
29209
26865
29059
20144
22512
2439
15787
29619
4786
2339
10102
5052
21657
11941
398
219
2378
20909
13668
28109
2905
18958
17617
30997
21264
29567
3838
28238
620
6548
23681
12735
29289
24557
30408
2608
9599
31406
20155
15612
17261
19246
30365
12392
565
13556
29491
2099
8296
16095
10281
28782
21667
21668
25521
2702
22106
15486
19821
12480
25556
5408
15503
892
26999
28655
14655
30045
11846
23406
11581
18736
10664
29177
1991
13899
26219
16567
22717
10016
5896
6858
9987
17937
16169
11464
1575
19590
5736
25711
12099
18493
2138
148
8485
19170
30156
23901
2990
14304
6988
20656
2680
9334
16620
10987
29371
32269
5954
12246
14450
27337
26035
7126
11961
6238
28146
2403
10106
27941
10435
19131
13896
20335
16389
3032
6795
30489
27119
20640
5342
32096
2458
9053
11189
7927
14527
1900
9027
25687
7875
1081
11419
9303
14576
23659
4117
5372
30726
17755
22259
24210
22258
13003
14404
25851
20189
2773
19721
15176
19560
22049
20375
30086
2614
16475
27196
19674
29868
31972
22821
18897
31476
25544
25471
26865
29000
23281
28637
28052
26733
24474
14298
22262
7805
17414
24319
11148
27882
30065
28903
3735
22464
24135
2720
21498
8746
14484
13141
1608
3128
25787
10282
4898
7647
6252
8040
4544
9026
31184
18138
22477
15919
31494
375
20600
12525
2515
10304
18888
17973
26517
21100
11311
31358
15737
26819
20579
19070
16622
2120
26473
19181
31834
30746
10482
28044
4107
13980
15339
5990
32624
25044
3408
27733
24201
32529
2369
29641
29596
26065
27223
31429
8490
20961
4920
22314
11297
24774
9833
28728
12883
32348
20580
12370
25895
1213
30699
17409
23694
4964
18587
19004
5689
24979
19396
23015
29962
4081
888
153
21704
15736
15330
7842
1558
25486
1753
17485
18086
15730
5557
29794
2474
16090
25954
28655
9355
24027
28851
28488
13278
13320
23800
27725
19604
15070
21714
25067
19824
10080
1350
9446
25791
10494
28945
14805
7747
4027
3643
19566
3440
7567
25071
11267
26587
1802
3722
29005
9199
26427
2034
12649
28641
10960
25129
25120
5351
13950
28194
21355
6821
19620
6355
25142
16104
30251
16523
18533
5527
29360
29830
11797
25831
29669
21183
24612
4557
10292
30725
20467
12473
22694
13905
16490
3713
7684
1367
17469
17819
28988
24923
29038
13200
6917
3142
28180
25261
18118
25849
14938
15356
15540
18657
23498
5491
1851
13259
19916
28778
1952
4602
23401
31827
15844
30839
18005
12709
18411
14249
24365
6425
23518
31781
29437
4889
16845
29127
12805
13173
4249
7426
29629
1369
12817
24180
31766
19324
29275
21694
9731
4249
7830
4242
5944
7203
30397
20238
24881
7989
30414
11848
13175
11720
15148
4138
799
22568
1090
8064
19347
30889
7530
11087
19605
2453
11021
19560
27008
5994
9227
2366
3537
9026
31325
27637
15079
2451
14073
16059
8967
16664
3317
25179
30115
1551
10224
29455
16604
17829
14766
12182
3141
23983
2818
22151
4330
1178
5105
28133
12945
28069
24340
10483
7743
32077
15422
24650
12798
8713
1631
20520
4574
9528
168
4363
3642
2136
3824
32383
16188
17016
19799
52
31139
29168
19241
26963
196
22095
27909
25106
6607
9877
14910
3975
25684
6051
6529
28089
7174
9967
16568
4093
10174
32124
23599
15232
6595
32522
12533
4128
1352
22922
16006
13184
19766
10452
9126
12891
20524
668
19088
3096
5572
32418
8272
7327
24857
3882
23406
22636
19590
15788
5580
3809
21168
8140
15825
9953
26822
6284
8903
2458
3591
14785
8322
12194
29829
22980
11843
1094
10025
12649
21724
4895
20728
5685
20500
13286
2452
9419
24396
10376
19206
28584
2403
24957
29882
1552
22488
23638
32715
26440
19758
20630
18562
13830
6805
7875
4377
16422
22726
13757
8644
11934
18479
25166
10738
29108
23632
15617
18127
15727
5733
10808
21262
10827
29509
8313
25575
20016
28810
10505
5979
24997
27890
20156
6079
17730
26629
28427
30840
31587
25848
8551
20484
27172
29906
10445
13114
31113
11213
9115
30162
25084
1535
28066
21543
16125
32569
26748
27196
14869
25136
7711
7165
25099
4826
29107
21192
603
22555
21153
13356
3812
26785
9709
13809
30689
16141
22981
13144
31258
31059
22362
26531
16220
18275
18158
29144
25382
11529
23086
17859
12197
6929
4291
11834
9954
9136
11044
17573
11323
19999
16302
445
25104
19849
9718
19347
4030
7975
11358
9428
9169
21418
19430
24908
9845
2009
20037
938
12334
20603
6713
10371
14537
7543
6683
8857
21139
22586
28854
11356
9672
16729
28761
21169
16462
20855
2091
31987
3491
8554
7103
13879
2837
7577
30952
7125
3121
2216
24527
5412
9085
4440
20802
14468
874
32680
5967
418
27524
15681
15378
15607
30188
15632
25291
19602
22792
1589
14131
10776
29049
26140
26385
18953
10317
3561
23048
17476
2422
7962
7091
26062
7803
27495
11252
4047
24942
27629
10632
2013
23582
13196
2783
7549
18317
24718
22827
18663
16293
20873
8632
9994
24358
8582
4475
30416
22499
12130
28397
31651
23342
13429
26138
26928
26257
11890
23284
15467
18623
8334
13806
9683
29385
28645
24262
26871
27029
24345
22946
21817
27533
27964
14943
15314
7828
7152
25126
1814
23102
24780
15168
22265
25152
17922
26411
18131
9509
32319
4845
16480
21315
28627
26024
11
25070
31506
15727
11884
20203
32762
11864
13071
14375
26390
30674
9335
7081
12705
25657
31074
21446
21743
18088
24399
9108
25865
2831
23102
26529
21144
3205
4535
16100
16388
9695
28429
16371
12764
12417
28900
3703
7801
25972
22513
25821
8414
21689
4353
26191
21219
26333
61
19683
4755
7374
4524
18450
14034
493
13049
8043
30531
1124
6775
28040
2920
10170
32610
1858
17675
17829
10088
25377
10717
20767
28007
5398
20574
20411
9593
12909
1020
32058
558
12797
29823
19801
24344
7330
29860
16366
5261
8685
3080
15155
14504
25881
24648
24674
29073
5697
14695
3714
15614
11217
9584
1920
20730
20539
32604
27521
31206
22507
23861
32375
6589
21372
10620
27634
11420
4652
27593
32058
30337
10381
1201
30106
15954
20350
24812
2302
14882
12122
26551
8385
4273
27503
10360
25280
5169
434
2977
11955
6736
21168
2774
1469
5490
26056
13394
4161
21310
15768
32135
13816
1117
20661
10500
31808
29054
31391
17308
7863
414
30964
31941
5641
30086
18659
24126
262
31893
30948
9973
9208
1727
17062
19751
29235
30678
329
27593
21997
8200
22478
7975
10832
7594
7116
5323
7118
3124
22628
21152
25269
9356
32118
31063
3075
12935
3861
1546
17531
941
26937
22303
23032
13116
27572
30832
26370
30576
8808
31400
23711
21506
15798
23024
24171
21998
28474
14284
9451
15482
32437
27711
23071
13172
11082
12854
9302
699
11502
29476
21318
22273
27162
30185
25436
1998
13762
29944
19281
32456
10635
24505
18430
9267
28729
19244
6769
29876
5222
21968
27712
9306
10106
707
19997
29406
21719
20522
1195
5418
13652
3283
6033
22553
30445
12569
22220
24702
11449
16136
19017
11367
23324
28098
16307
14755
5181
9249
27274
30081
14522
1694
19061
23003
12443
7282
19417
23379
12421
20475
22186
3293
24368
20064
16257
7294
28443
2680
20207
3411
127
26344
21266
21204
24449
19340
28517
12634
29355
10777
7900
2015
28061
13824
7217
26373
7168
21397
9336
6490
22716
624
18426
219
1387
18195
15680
28087
5645
22478
27246
21077
1277
4320
6355
30871
17188
29663
1725
7265
30828
13914
19346
3925
10359
9148
16924
18913
3986
22131
27941
3452
19428
3154
2628
31788
9963
6708
18166
18764
4906
17123
19440
26508
12827
30008
4788
22585
30315
13699
14691
32703
13926
13868
18642
9068
17073
25499
8415
29814
21815
26454
32518
19520
27749
26217
21295
32217
26266
32523
22218
24773
29145
18814
6686
30977
9154
24631
31710
24641
19904
13119
16126
21628
24963
10969
12996
4010
31153
23909
8482
19661
23256
23684
30531
7726
168
23933
23652
30953
2911
16608
10981
6571
8580
15721
32672
9915
6616
12838
21369
13111
394
25564
21302
1953
21162
10664
27026
21402
28384
19682
12172
11500
12894
8262
14085
32718
13075
4694
25482
21604
33
16122
17775
3462
30098
17514
11037
1218
30790
24397
23724
10148
11824
4643
13749
31284
1731
23520
4449
8897
10150
16857
15558
25309
4527
12516
25460
8617
4623
31163
10826
27475
21450
27810
27791
2524
9579
22602
20286
6943
18165
28660
7840
18447
21532
23769
10784
320
7861
32458
4700
25769
3436
8212
15736
12456
21173
8358
26039
26694
4101
23670
30284
3261
14657
20768
10861
4151
19575
18128
8874
26073
12748
99
25725
21248
22453
14025
30754
26058
24426
25518
6312
13529
28056
8025
10825
19539
29526
5588
27383
27693
859
22349
4407
31658
1902
1980
19762
22046
27165
12742
24585
21752
2226
16609
15722
15103
355
26298
27489
25820
12745
28628
5232
25305
31124
19313
32737
24552
5500
19125
25691
31207
9851
23305
18612
28450
14649
16318
26374
17690
25032
3826
17925
19589
16273
30136
31887
9877
32142
1907
21381
12157
8890
7299
14810
29234
18118
1060
16105
2414
32526
3474
1804
4603
6091
11378
28266
4654
28042
15469
19984
31410
31453
10270
5956
9350
28240
30510
14613
28745
23710
1981
1079
27318
25381
30468
270
6763
20120
32057
27657
23278
6644
16563
19505
26865
22965
25679
22530
981
26441
21778
7289
18542
24773
6928
6766
10502
20695
12684
20004
9892
4859
10848
21791
12174
18418
8352
9781
18188
28273
15994
4072
23151
29718
23136
28915
26450
21151
28522
24355
22304
3422
29941
12392
13270
8936
22929
6700
6666
18190
9498
23267
3117
30990
1572
8676
2829
18954
20124
10615
6045
26552
9133
14127
505
16220
25825
30330
10661
19699
3721
24950
4885
27313
7006
11270
30323
13486
10600
25894
11164
21725
26143
17019
5996
19261
1489
18990
32315
1619
19011
20219
24487
24535
23707
29317
16276
20910
32381
8685
114
30488
22133
16546
12991
11819
23445
30075
32204
28032
9311
19971
1475
8748
7397
11284
29417
10737
26670
12711
32289
15798
28892
7914
9906
24629
27916
22163
30025
9460
22910
31860
28738
25462
12278
25168
9507
10930
23777
14062
27497
2244
14396
11115
17544
31459
1458
724
32045
6547
16388
16373
29638
21787
13230
25963
10308
22074
11464
31745
31007
22294
15402
21305
12699
2165
22483
12328
19787
22319
23180
24199
5331
9700
9928
22536
30705
20202
28879
30182
18623
649
29723
24768
15410
21867
6146
12967
21479
4942
18326
32630
5407
10748
202
14177
12552
16509
24278
6097
574
20107
9180
7792
913
18502
1483
12927
9225
12841
17028
30832
7207
12605
16187
945
10350
27532
14112
23238
19746
19673
15679
410
1872
910
5541
32279
3854
18934
10693
2804
3844
20396
7194
27854
29995
22356
16141
7547
16597
23688
29464
16795
29166
22037
12332
7279
32129
26728
15952
30191
27517
7235
24972
10006
442
28085
32005
16513
8247
18248
29033
32568
12966
15740
14989
972
23338
7796
4181
32674
14943
10736
3797
19598
30875
1403
10677
8867
29811
16614
28378
24650
14977
32500
23618
6290
10853
5719
19760
23495
27914
16091
17034
28230
8235
7906
2687
24975
23317
19728
2924
17308
28846
6727
13825
22642
4790
14294
25248
4597
14925
3565
7685
14848
31157
22101
10540
693
7002
20317
12399
28946
12815
6936
32240
21957
32411
7877
11062
18498
20084
30351
5659
22546
14282
20855
7397
26734
22215
18830
26035
27148
28694
3175
13595
26425
7330
26572
6161
5672
25248
3760
25866
25994
24527
10853
22626
14174
26878
3087
20475
15883
17104
4697
27176
12204
22460
5990
3017
17323
3927
31499
4535
11921
10966
7483
12642
4124
19150
23746
19640
1939
575
28214
15689
25174
6865
7979
23209
6329
28253
22951
16406
3346
31151
31702
5467
16657
3211
22526
24308
30032
15085
28852
6515
26411
29589
17745
9251
8402
24515
17056
16106
3996
28736
11225
8052
21663
15261
4051
24973
893
4543
7797
22223
17280
26780
29294
31102
1770
1599
8997
1712
19590
3090
13043
945
8067
18268
11665
12965
18818
27401
2764
14959
27374
5802
10624
1490
28044
20156
30403
7638
1363
18989
5473
878
13181
14620
6537
19543
32734
26849
11461
1859
23669
26957
11823
11063
26433
5938
8931
5682
32341
12326
2736
24335
23087
21381
27923
32428
8774
5301
12901
5196
12258
686
7507
18746
29488
18617
30863
6064
11926
19575
19653
30966
31812
27942
13009
16078
21004
18464
5679
7184
30579
9892
31666
8338
8712
30937
8313
11338
11252
528
1312
7607
6355
6730
14643
16252
23746
10490
31464
14671
6585
15628
32525
2065
18204
26149
30015
16702
30604
13101
7261
9608
12547
31243
31548
18111
2848
19631
4508
17652
1983
16214
5467
26334
22989
25609
4073
4477
3675
8039
28668
25340
19440
15013
25477
29916
7204
22227
3554
2383
29546
9569
28245
10210
27438
2529
2741
27999
25120
2318
12899
4850
30415
10510
28032
28810
4217
9972
27741
32386
27169
9609
2867
6785
21475
14668
15893
5023
7813
30135
31010
16841
25934
24516
26879
11366
10779
27056
3973
1082
30639
23551
6326
29835
32331
20416
31734
3971
24190
7698
15736
22998
5695
26855
25590
14757
17465
8456
30373
19617
13670
11610
5992
26995
28895
5983
3395
20572
13811
24831
21267
20248
8310
26505
32381
23561
26459
30709
4901
27793
27014
30828
5664
2752
31963
19210
30123
28207
13211
19938
6429
7211
3056
7234
11546
21270
15814
30009
10
17675
6877
27479
713
26049
13596
16820
16800
20402
16169
6707
26997
1148
23350
22792
11582
3207
19486
24952
8124
14824
15536
4064
21861
4741
4426
5369
25250
9594
30635
5722
2618
20412
10498
14399
12302
13308
4682
29832
25608
27087
22234
25349
6478
10251
24888
22256
23995
28276
30255
30139
9615
29336
32289
11021
32613
21495
30878
7687
17510
23399
20020
3019
6333
18871
29833
11071
20554
31123
6312
32270
2971
22695
17305
13040
8472
31752
11572
32044
9853
21455
12598
1371
11918
16903
6805
22382
3846
6345
14609
29170
17104
17317
29964
23187
15481
8260
21915
23519
15590
19020
11485
20557
578
24196
24204
7806
25403
31033
29905
19138
10862
29664
30557
16862
17951
9724
14517
16653
8238
11586
3533
32580
12870
251
9177
31674
10840
21675
26720
5544
13128
3568
14226
20813
13798
20908
17627
28214
9759
27750
29112
12988
12405
6638
1738
4302
23468
28736
809
2033
29382
29099
30202
26756
19250
2611
5700
23625
15169
31795
3327
22561
21721
71
9582
23319
14445
7272
22447
7840
5164
30297
24977
7201
9081
9539
24997
2994
17052
18076
10392
16418
27319
23116
13503
1083
10747
10771
3060
23879
27675
16421
26529
22227
9985
12568
26394
15282
16321
15616
15408
24645
15307
3033
1539
25082
4708
2341
19991
19
12887
8917
23466
29097
4071
28525
20805
23792
20233
32612
18578
21436
24016
24009
24685
31044
4905
1069
28989
13606
9672
17852
23429
6060
3938
30125
9398
21326
12317
19677
22088
28536
17989
21174
21256
6285
3648
19798
5812
12587
7876
31981
5061
2225
21831
9831
9100
23294
26295
12620
15488
32124
26732
23780
25303
23902
25947
20638
1875
13093
21388
2994
18527
3945
32206
30726
18778
9430
13737
9295
5171
29557
24980
27000
14646
14636
15208
32583
8485
19337
21269
17470
17803
16059
10643
15551
17229
32225
30748
3444
31618
14472
30617
29934
13956
18798
15450
2188
32071
31372
31241
14495
7402
19028
17377
24523
2188
5688
7451
25009
3425
20075
28073
7370
3333
5867
12071
13206
12816
31167
26127
28919
21226
3709
15148
19415
30433
15120
18769
19985
12664
29112
29514
25231
18434
4178
22035
20144
21872
17626
11080
23276
24680
6958
12253
28346
6039
6165
25359
9137
10311
1407
12698
5102
25396
21519
24877
26551
9115
13782
20507
26205
11413
22114
23891
3687
28835
21495
3218
30956
30602
24092
15063
3137
22113
7513
30488
16853
28136
18496
21299
856
25371
2474
16679
25379
1543
7235
20612
13268
6877
16201
24608
17208
14661
26768
6156
15471
13812
22474
16326
30026
19073
28421
17584
11000
28532
29813
1217
29154
7329
8564
12667
23763
25524
8903
24349
8028
6412
28195
5145
12151
32461
4335
27848
10858
9776
23628
10077
238
31518
4691
11288
11921
11774
30877
26044
89
28619
29705
32322
11946
13417
4537
21455
20073
28473
8542
14820
23906
32235
17590
23252
28135
13715
6227
19836
13754
17919
22941
13102
1070
26440
11802
29166
25480
1448
28653
24289
27051
24459
9117
27906
31733
18921
31512
13335
2660
3794
2552
25572
1533
6731
3844
30622
5742
26968
30458
15778
21234
28506
31884
1895
629
26011
2472
5553
9977
14632
15868
5384
22584
2783
16058
15977
12682
30152
13208
28731
22282
4009
5404
21380
22004
22484
12310
24925
25682
2116
622
23716
17368
31976
21791
5104
19468
9535
14212
32714
24490
13349
16339
4378
20806
493
13543
17375
31539
21679
1346
18979
3748
739
12114
25391
24081
9263
32499
13051
9948
17534
17462
11752
7733
19794
26464
27825
17723
6491
32310
31903
18531
26184
18040
32765
28190
6365
10668
13004
22710
1862
11804
10168
8057
15787
31010
20810
794
28932
18083
11102
16724
5167
31194
6360
19408
17215
11095
18835
26185
31000
22599
15514
28654
17209
5877
12955
23560
26584
29841
9368
7644
12852
24625
4832
3027
22823
18197
16446
32216
13306
17967
11632
11010
12670
5346
26842
2675
17752
3339
1660
15232
16285
29758
21538
14610
17055
27218
7642
23627
19206
8479
5803
29293
32290
16774
14724
27128
12927
8626
13939
23315
26298
12446
16407
28461
6804
15063
19800
27620
15941
27780
9045
25894
11283
13475
15262
23190
24610
28053
23204
17457
25230
28381
27246
21041
6071
27685
28045
25649
27356
17793
7761
31635
1772
11512
3645
11551
4504
17729
22969
21996
7341
7626
17415
6020
16801
12287
20344
24387
7019
16840
9696
32000
4760
20819
25927
3312
12188
28181
9441
14534
26470
8971
17985
5151
5687
22086
26313
6174
7347
16806
1381
595
21305
26854
12409
6882
18288
12504
20503
9697
30754
31730
24694
1025
846
28682
12447
18033
31352
18782
31082
14847
20804
24279
24745
11649
6723
15247
15523
30579
1549
29072
11204
32481
22672
2527
21650
19336
18599
13753
25059
24888
32239
9500
3917
27260
8406
9865
23007
30333
12532
29705
10510
20004
5535
20846
1010
9343
7353
24539
9907
9830
23501
19078
3134
11614
10074
12477
16444
6589
5231
28967
3396
6159
14456
14925
23375
21945
7000
1112
21101
26844
4024
22556
5559
28540
26014
1878
10885
10722
11073
14898
24545
5182
28700
30225
19003
17297
15937
392
10078
2506
15856
18860
16034
9519
14184
11405
4451
32511
26365
19712
28595
15702
22379
21410
17740
11344
13930
16665
13000
17009
22402
13725
18197
17477
22817
20920
27939
19267
8171
5193
25055
13303
7249
22991
18021
14177
3685
24804
8817
13208
15340
30728
27415
26546
19637
14496
25013
9960
16682
29502
24357
18166
14117
12579
24375
19905
28933
28419
24670
8764
21248
29960
27561
17548
19131
28697
22773
20843
21783
12379
9058
21706
5710
12536
25091
12218
14400
19744
14554
5516
775
17998
22019
25655
25553
32717
20271
23547
21999
4986
29524
31300
25129
9163
25763
31697
10325
3856
3771
18965
10024
26617
19740
22494
13899
22361
21982
12596
26289
19241
15523
17028
15657
5840
8650
6910
31535
26786
25061
11835
27144
14502
22893
22819
23566
5276
4277
11790
22600
27966
25629
19497
9277
18631
31880
17948
8202
32434
11280
23529
10419
24772
760
3095
29879
30028
12513
16401
7911
9898
1601
6089
21367
3086
10770
6304
21334
12162
22471
17290
16827
29995
14724
22125
28673
1995
12942
15563
7092
28299
11777
29601
21228
12280
17857
25743
29401
9803
21938
31800
29856
26861
20268
32748
31845
28474
24745
26245
24233
20614
17857
14478
4055
17757
21337
15275
12825
19983
5143
27956
13680
8812
2329
4132
15876
20173
25318
21042
17593
8788
18084
19517
9730
21108
29580
25069
4858
30643
23708
17560
6321
18350
2699
7522
12739
12382
23042
8873
5680
14491
27145
7328
15719
18910
20160
7481
18084
18251
23631
28489
15228
5615
7711
231
24759
31302
20043
19732
2397
28416
24913
2210
8211
22788
31246
5710
23208
15542
23017
1584
19436
22645
8526
9301
18369
18536
29790
23210
19828
6011
22500
27163
27725
24996
23179
16125
22116
27499
24143
25769
5559
21161
5682
23658
6010
15504
3120
23450
430
9451
17268
13575
1781
12967
19148
29084
11429
13715
21339
23613
14107
12644
8078
1266
12370
6652
24145
32584
15540
9452
18050
24564
12847
21559
1701
15802
9612
7769
23770
14733
25084
22407
27405
20984
32500
16441
7021
1468
2107
23782
10527
2491
27714
31502
8499
5652
9395
1918
28631
3728
19788
6608
19914
2621
7406
22833
8724
32344
29937
7783
11253
4208
31419
30482
2331
21449
28561
28209
27671
30207
15020
15849
5906
7915
22928
20098
28348
1994
10905
9907
14726
3484
17879
12575
24337
17099
22556
31519
15334
17421
13394
20674
23911
21643
3858
23058
14854
1347
6259
7577
14772
27563
26656
3108
8860
11159
28590
31175
15890
22620
26412
10273
18886
28982
26619
17889
2366
31975
10720
1929
2947
2209
5719
15731
31002
3622
9770
2833
32309
1326
15683
9080
9515
9225
30910
12064
13606
4997
9027
16101
26907
6674
17299
28754
4864
548
31072
10015
32569
16345
7266
32760
11347
6620
20903
24705
10996
22921
2859
18582
14866
18002
9640
18647
29540
28769
6319
16996
7190
3710
27896
21477
28097
29492
27895
6094
27546
23855
17327
6113
6122
9961
32203
6644
7614
6534
8427
10740
17119
26364
19772
1322
13828
3958
7499
19133
3399
13819
14363
5496
2262
10314
18805
25294
28139
7689
21631
27419
3582
29471
5264
20269
20025
24927
24643
16131
17196
32102
17098
32212
13506
31430
16261
26452
7795
31588
29651
23090
32700
28190
2857
11237
4300
16561
14689
2472
12161
26842
12116
27331
6290
2236
15786
30733
16654
12930
6641
3247
25605
3909
31213
13354
6276
27952
31023
18844
967
30946
31977
7231
31659
9747
2561
15666
11618
2939
16740
23164
7274
13807
30365
19278
3520
14030
5286
12680
13137
29083
17662
21631
11185
27883
3323
6397
10767
10882
21858
14986
23145
19129
4149
10730
22012
32547
28876
13543
15359
4207
27175
23377
17040
31632
26499
30018
21487
27164
29483
3750
3050
2546
16273
7163
10648
2080
18077
27734
18762
13060
29509
31911
31423
1969
2398
4157
1943
11923
16306
12941
32266
11095
16466
1583
21466
17413
814
1321
13702
25455
14050
5744
21953
31439
11219
7340
20770
9900
30075
25148
31261
6909
13825
1658
8498
6801
18445
20544
11620
32174
15066
2475
6381
3065
21645
18718
9776
11669
3781
19338
24815
14223
16755
17389
16318
22394
28652
17433
31160
25174
27708
8887
25712
2743
17597
651
28203
16931
12265
24314
2124
18875
27245
16841
5647
13853
15230
1575
13178
27274
4976
19694
26769
20292
30853
1574
7370
18234
13827
13259
24256
10471
393
18895
21547
15992
2722
20323
26128
4397
10395
9587
32053
1025
6802
5743
25304
397
3536
4945
6560
16682
24153
16860
17108
26454
17856
16417
25547
1369
27712
16712
8100
15400
4105
26509
14647
1673
14040
32649
29002
28280
7626
179
5385
12745
23410
30502
20656
6672
26665
15013
6795
3006
165
5852
18976
4236
5838
18664
12203
24861
17612
30234
16330
12766
30309
32760
10106
18226
15494
22917
23618
5324
32543
16835
31918
27739
308
1909
5375
32621
27442
14889
7201
14477
20351
27766
15581
12207
23892
27523
16208
15823
13775
4040
9884
29652
5956
2841
22237
30906
21205
22496
22367
4848
16450
11690
1294
24831
9218
7909
18733
1389
15250
17383
10315
18913
25613
5939
15731
32135
3837
26360
30116
4790
31088
32731
8064
16337
22863
29942
9032
10091
29932
10529
30472
19374
22746
32112
8975
20733
8193
18685
27298
21464
497
32231
27890
22016
7031
8090
21067
1756
9582
28241
22925
27420
3544
27610
23008
10140
10030
7577
3236
29579
25076
12240
13223
30156
17551
24094
28571
4508
5467
17733
23239
26230
27385
560
15356
1843
5862
16948
26059
11382
7762
10390
5621
26183
13615
11597
26915
4350
28552
22794
14039
4451
7444
630
27043
7187
779
28858
10137
3110
26680
1861
24322
3342
10064
24265
2899
7106
15234
28551
18012
8989
31567
12493
31171
14208
30108
20925
17585
13759
9477
28495
27083
18747
28021
27546
22884
7499
6131
19023
11248
15841
16575
13958
8380
27498
27550
5565
29917
26101
12914
19485
9831
29592
16909
5632
30687
9743
6471
6833
18418
9127
15950
7282
4454
30555
24126
27076
10066
11324
2802
29666
394
14358
2841
11919
11614
31056
28812
7441
13956
19476
26847
12414
7250
31408
31797
23350
10032
3388
11865
32177
12878
15485
13835
4219
15762
3082
16024
12156
23509
20397
26542
27261
20814
8204
30573
32488
30286
649
29377
24271
12846
18534
4080
10544
8838
26925
14191
30584
17056
23631
1786
9285
10029
13835
2787
28528
8758
2961
8619
9035
25429
25192
15823
7975
26660
12045
31204
27418
20726
9949
13030
14591
28101
26932
7374
30397
5996
17367
1378
21965
10518
5775
14673
27638
11767
6679
16255
20827
5946
3640
24222
24504
3642
4915
8446
30441
14068
12895
19110
27308
30397
23059
30115
32167
4912
20678
18592
3501
15723
25461
31671
21821
23931
21318
8071
26187
12820
18026
23175
16963
6277
16455
4249
13132
4332
25815
10467
19146
21158
2891
26074
10534
1290
25589
927
29393
28759
13668
4239
5766
15082
29905
13334
18640
1717
15802
22467
22733
748
27852
26274
16945
17921
25094
5830
8333
979
11804
28965
26578
29731
12057
2985
1553
32071
24649
10627
21124
30498
24918
13763
28114
6739
30897
19493
30607
28589
5427
17454
15618
21479
4869
29304
17708
25493
18365
5195
24069
25431
6601
6508
3849
30801
10001
16442
5363
17627
16088
14326
19145
15737
13027
15715
9240
18957
17374
25999
7297
1867
11515
2800
16500
15470
4828
4274
13116
22825
22963
28752
22076
4065
9896
17762
30072
24601
4219
19382
7511
9518
17258
929
32167
32068
7253
28823
32225
7296
32544
9722
26286
24696
27737
5680
17579
14311
6682
22520
26729
12966
5169
22014
10169
19927
10111
7341
17446
20579
7326
14916
6850
19368
1479
25900
294
5227
9202
23689
29620
18452
10046
14095
31007
12826
20116
5142
24366
9660
10887
25329
13500
8178
1919
13436
9476
17827
17175
19189
6171
4632
4291
23565
15550
18865
29110
14654
24398
1238
25603
21086
12825
26417
3330
18037
27355
22298
25333
30412
22917
18771
6635
20550
23612
29942
22501
16115
21669
939
29752
32739
608
4638
17970
17720
26322
5297
18176
24703
5672
29806
2767
26433
6552
30783
21810
1492
18154
20065
19652
29815
12600
18966
4622
17055
5874
10650
15787
27787
28964
30809
2473
28446
2044
24927
10803
19950
12423
1552
6509
16281
6075
11545
23200
29784
16058
23974
30871
10966
3157
15062
17225
1858
6095
13163
4280
24738
4324
22983
1304
30827
26890
30740
9780
20559
8695
13506
15886
4695
25955
23350
20677
16177
18959
7360
10684
5835
27142
24014
17401
28449
11811
25440
4555
27987
29395
29884
26544
21754
27164
17763
3701
25020
24287
15171
16543
24350
15706
25902
5898
29338
1264
13707
10448
19442
1837
21836
25196
12227
6149
8992
22560
4189
4956
13033
6036
10450
23500
24944
15551
20045
13986
20567
19978
27557
10537
24144
9139
23346
15148
28557
24176
4832
17078
6776
12630
22145
7452
3235
760
25704
31037
15362
10707
20531
5897
14424
18410
32744
8256
12527
2477
32580
32380
652
19487
7503
21106
24994
28216
2100
28789
29894
20872
23376
1596
29539
19998
21385
19940
7343
7592
7649
29240
6877
476
29770
2097
9877
10774
31933
16825
32417
7234
7814
15796
2025
9468
16866
6465
10657
4854
11723
9789
14785
16794
30739
27402
3509
14065
15280
20366
854
22724
2391
7038
5658
32001
17996
10716
21639
22879
28024
30142
18926
5701
26300
25682
12373
2281
26757
28703
32437
22709
6048
6541
10086
5102
22864
16552
6871
30615
2974
19489
25218
28307
6129
16789
26655
3083
5086
13074
15640
1295
25665
9688
30270
28032
5773
22108
28602
15405
25696
32147
3398
23100
5467
31596
19101
16844
13104
2719
12335
28632
17404
24997
26
11614
32472
25863
12118
29633
11946
20188
32559
28781
14146
28557
19193
27577
28834
27612
24063
5905
19612
7205
26044
1620
31395
28899
21582
22651
32219
117
18215
21372
26994
8739
17926
30573
14131
14940
28197
19693
27736
7233
23988
29376
160
9320
29575
11961
15266
28889
14092
1501
31841
23133
31871
8133
7968
4857
6497
31044
30072
3509
15654
10826
1191
5025
16942
17160
32299
10778
2806
1109
9872
11850
16272
30545
7814
18926
32592
10312
16950
9564
23241
2265
4822
31428
10743
15703
24187
28342
4798
22895
6703
20964
21395
20491
8772
12330
9850
6775
21736
20683
20528
23234
15097
3070
12201
32104
13082
6569
25021
7725
21254
15724
19742
13388
29476
29665
10893
18897
6236
1314
23885
16964
12330
8332
12248
29831
21232
26051
18642
7169
145
32502
27707
25853
2875
12389
23784
6220
9348
288
29236
10802
16569
24849
13811
12416
17522
28732
7847
1021
12394
19270
14839
4362
16270
308
23388
7046
11092
5750
8990
31216
2638
14628
29055
3019
31999
2695
6709
28487
7405
8667
27678
14877
25079
11347
24880
14779
29161
20062
2735
32417
3662
10793
3490
14091
5254
12133
17287
7376
17432
6218
21318
31370
16201
14300
22116
3063
31213
32109
24185
15775
2685
20835
28388
4023
4458
12091
16061
8262
10929
8398
22283
8326
7600
32467
24887
14733
16183
6822
14785
9260
14819
13640
6962
30744
12455
26534
30034
30279
28588
24606
17562
21149
8027
6463
32236
16584
11704
28112
25218
18537
25073
11796
20517
9332
20022
6733
24991
12761
5068
26239
29554
12644
11613
11126
24778
24801
13203
26890
3249
12165
20453
32162
2946
4489
20912
14071
160
14104
6537
24603
1127
10859
20178
28857
9827
6451
5003
16798
24512
19767
10859
27256
2562
6206
17199
11486
11767
14127
24883
4241
16105
28791
4159
5378
5655
29099
23459
7188
16999
12398
15238
29218
85
21142
27771
5956
28207
24970
25941
11726
20612
19694
24381
12826
31450
131
9217
24456
12447
4424
5807
26306
4706
17894
10851
22853
27459
32330
15197
28189
29352
16020
32342
1007
22066
24880
31252
1085
8176
13378
16189
3046
19666
1608
21097
31980
10080
26107
31866
23930
15019
6517
30000
10278
29060
4249
7160
29043
13805
22192
13061
1690
9421
18256
20642
27018
10728
2690
31431
20013
6157
7203
8426
31981
4497
25227
26647
15991
21757
6253
32067
13502
16900
3582
25054
17731
10936
1370
26279
30869
17661
11811
18628
29459
20541
1131
9490
27385
17245
5844
13754
16283
5872
30709
3589
5611
32683
24320
18545
7745
11545
15266
23300
26460
24720
16683
1504
25252
28772
11503
4120
32177
2906
19436
18114
29969
20576
941
29261
17478
3707
25198
13845
22287
16640
31360
3637
24553
7175
3311
24476
30676
15645
18275
20068
27482
21561
6468
20063
22734
22770
25633
8690
978
8174
2899
15142
539
25758
9949
13052
9593
6952
23959
19201
18193
7845
10892
11555
22509
3981
4512
24003
23224
30319
1910
5131
10946
32486
4240
27778
13387
24264
23480
10717
509
15776
23455
30745
17338
12383
9157
26054
12952
7502
3224
1958
30250
7239
25312
31350
28418
10021
9818
14092
2675
11897
7075
27810
924
26239
13656
21874
13729
24656
6268
14723
25404
17240
16410
5058
6005
15115
1067
3412
941
27860
1977
17195
32481
2638
21061
2519
2605
21431
6247
9119
32399
7842
30644
7377
18414
13547
10724
16982
20827
8176
29493
26249
1686
13310
20490
26698
3796
28682
9688
12365
9407
1442
31554
6328
12223
7459
31619
29422
632
10795
18701
8101
25236
25681
25455
27967
15810
14356
9340
12375
12286
17426
6314
19098
16148
13947
14008
5080
28511
7876
14996
22874
5591
1952
10107
26487
2891
27948
13666
20834
9450
25449
11669
27462
5640
240
31390
10901
7967
25057
28520
24733
11796
22301
2468
860
21436
5557
13164
30869
12959
31394
18470
5923
19196
14006
24748
21134
18445
30418
10922
17628
12939
23642
20295
2729
11381
23014
11527
9594
6670
18490
26863
22607
23589
18297
6891
12919
32664
16533
6510
15528
1563
6922
10328
31823
11318
31436
3868
16677
20621
6781
23074
28931
24676
5604
19306
17911
28002
14491
15987
12951
20629
9479
859
24725
32439
26509
30023
32148
29104
18947
20485
19002
19291
31589
2288
8071
5517
24522
12052
24165
17236
7318
5779
32128
22396
13552
21320
10583
21592
19063
18089
10900
22719
22064
17650
1688
3668
28099
5504
3675
19722
26856
21114
20339
6120
31516
27575
7026
22282
5528
20700
6517
29417
9603
1733
5626
13532
615
11303
1266
4318
8418
12659
27160
15505
23966
18429
7040
14211
29826
19549
4723
10416
30762
12309
15994
13641
23957
9845
3769
13492
28702
6332
9598
26068
16814
9600
27162
2442
27439
12112
27888
1660
12612
16023
20939
31253
24887
15043
13429
23245
31283
16039
15237
4010
30387
3102
19832
8454
19002
25330
7171
26260
26437
16124
31144
22174
24957
16780
11656
23184
50
18955
14712
19642
21765
478
18006
850
10980
24462
10910
3256
24892
25894
16184
254
1897
7645
30356
3240
19570
7925
27129
6320
5875
4067
20762
13262
22874
32176
6123
8438
30294
32159
1714
12065
18829
25360
12385
15952
10382
3236
6947
5582
28678
3234
22325
28598
28982
12442
30711
23990
21412
11336
9027
27410
16145
27578
11005
8172
25004
20661
25835
18882
9861
24406
13511
11576
12356
7669
31891
1304
27675
11342
26413
29335
20729
21987
16675
17114
7937
9116
21448
11704
13114
12465
30344
29122
17288
18121
19064
29056
5851
1380
21553
13822
3494
6262
26591
31367
3731
16980
7061
9649
11125
15572
13284
21402
4733
13744
16043
21872
8114
27180
20528
18999
8859
9721
5744
13510
11326
10584
14004
13075
31055
14979
10597
15025
19617
26184
2081
32407
19936
13303
526
25123
16514
20606
27247
7519
9979
29907
5493
30338
9776
2962
30551
13498
15663
23016
14757
12328
9501
12207
15065
9004
28015
25306
11311
8420
10334
6676
16822
21743
15252
10916
10407
28791
10540
3476
14326
26734
25817
12306
3880
26903
2405
8982
5988
8905
606
28229
6860
21488
32268
2582
26126
13396
15269
17715
10293
9630
2500
6434
1222
19736
2328
12836
3080
31412
1881
11869
3491
336
1665
22582
31084
25656
17464
24576
17024
32236
21904
22746
30864
1060
10994
31956
2939
3346
4185
31828
27938
31207
32189
23737
1400
27288
19411
10815
11480
7906
8435
290
8348
26764
10841
12807
9707
4844
30097
1431
20178
25516
32301
25453
5526
6350
17337
24626
16969
2030
31729
30470
20124
17095
13617
29218
15348
25849
32044
18108
4032
28426
24545
26667
27145
21162
21195
22092
27210
5179
24664
27428
22147
9616
10141
11207
14473
24053
1096
8312
26016
13168
29398
30737
9291
6471
1286
31398
25699
10178
31373
3941
15719
28978
21003
22976
10003
10290
26174
12751
8244
31533
27509
31727
14266
18721
24904
9136
11279
5026
19591
15854
5287
21025
19824
5693
18905
2670
26149
11147
32493
21116
1373
24576
17014
8037
10585
24617
22754
1453
12058
1366
9551
20171
8657
14144
5280
2021
7831
4335
16080
28124
8286
19675
12935
23176
18471
15442
7915
5957
30070
19993
20409
14510
17155
26710
12180
26536
15283
6573
17565
15267
23494
26026
23363
2588
12882
12383
21341
20326
14064
3406
17270
5291
10165
30089
26215
30510
868
10519
1836
13522
29665
16282
24304
25056
15593
11311
6506
11269
769
14486
29548
20122
32428
15251
10169
7208
28641
3731
7704
16684
26044
1683
4262
9239
11892
29758
7024
1689
909
28501
27201
19487
17999
29012
30905
2459
24694
851
6303
17027
7467
810
12920
30492
3635
17368
29785
26616
20839
3366
25337
12989
19044
16007
266
11305
9347
6467
202
6995
12556
30164
13269
14900
30118
26768
11581
8037
32530
6537
18908
29994
19481
21426
4841
8624
25795
3907
11978
17555
29130
31582
21545
11683
26702
19186
29514
12520
7626
18656
2460
31716
22599
30556
21390
20503
11984
16022
20643
18121
20005
28314
19913
515
30132
6261
27111
28383
16580
666
18613
32001
4084
15492
26576
28518
9956
5532
18958
10845
21042
31580
27918
8914
10664
693
15636
21202
17075
8366
31508
22348
26391
22095
18701
6933
9186
21437
20633
13103
17566
22182
14273
20555
3787
18399
22549
27020
20877
23628
27645
1166
7585
15617
9802
16039
14741
31398
26640
31597
9785
20512
2232
23672
18257
30830
25681
26217
1164
7120
9255
30506
30394
6191
30103
29048
30009
10425
8993
16799
6064
12492
17343
8069
0
11797
29813
12778
120
5625
20522
30446
29257
8755
6582
5588
20537
20671
19516
32261
27035
6903
1466
30552
16766
10237
32734
1936
28197
32344
2844
20775
3255
30946
16381
20298
7480
737
23226
4900
23224
24436
29961
26207
25546
49
4663
30440
18232
12044
12663
28659
18677
3962
23162
9280
29523
15063
22591
11676
18550
31749
5677
9642
10249
28247
21343
23523
15663
941
8255
11484
2237
13792
23126
24263
23462
26464
6754
10045
21943
14107
18601
15931
15492
19361
19342
8810
16034
22918
1122
29347
30486
26888
3708
178
17678
7922
29836
346
19407
3265
20524
32154
12015
19460
1976
26927
24260
26889
7776
602
2332
24757
19067
24291
558
13748
17950
19038
14801
24787
3566
22957
4332
8361
562
22470
9006
27773
7725
28599
22783
3684
14762
14311
21942
10410
2264
670
5644
10867
20056
6087
21200
30626
29589
15349
31709
18426
31572
10405
24394
387
652
22979
20704
4656
17271
21615
26065
3262
20201
19200
6310
3295
28641
16969
27002
9880
27997
7196
20070
25832
7795
11021
2108
7082
1182
13176
12152
4284
24662
32198
3443
16481
29667
24043
5594
16612
26738
21555
5215
2431
2409
11071
25262
8314
18936
14154
15011
29847
18672
6834
30906
26030
18137
13235
25287
16533
16959
6005
18151
12866
11852
15945
1718
30260
30620
17711
25282
17423
19276
26781
6720
16518
21588
7291
13054
30077
25367
25970
32153
5487
13113
22374
10736
3598
17329
23873
32728
11818
29983
11763
4114
25300
25183
4791
29050
20419
10078
25239
24192
18167
2604
22322
18140
25499
14931
7869
10622
19504
6760
20296
19140
24552
18399
8002
6896
21328
21795
1856
24793
50
27111
12538
31969
27834
15798
22422
22566
19927
8402
32042
21501
2276
1851
6524
19868
30856
18958
9740
2582
30939
4880
11092
7821
32458
9867
13134
10402
16060
32601
17719
27441
9846
28990
20115
9020
11835
17787
7537
10532
17720
1439
20464
12831
23840
26785
23810
17894
22804
5676
6768
15534
25541
13370
25630
22874
28892
29412
18577
21487
28058
2680
24238
26696
25787
24525
10436
15627
6561
17107
10445
14043
24238
31598
2545
3023
10994
6277
844
11043
13062
13654
22513
19758
2359
10508
6191
16276
2279
21651
2067
16829
4401
683
20269
1414
21196
3643
21911
10294
13618
17128
29236